( -6777 4079 0 ) 358
( -6779 4081 0 ) 357
( -5624 4379 0 ) ( -3778 -1622 0 ) ( -4374 1855 372 ) 186
( -4286 1855 371 ) 186
( -4385 1760 360 ) 210
( -4385 1792 304 ) 191
( -4368 1814 48 ) ( -3905 -1475 0 ) ( -3930 -1186 0 ) ( 3548 2009 164 ) 202
( 4003 2186 185 ) 197
( 3545 2013 164 ) 203
( 3112 1760 143 ) 211
( 2683 1502 122 ) 204
( 3120 1751 143 ) 211
( 2219 1329 101 ) 197
( 4484 2289 205 ) 186
( 2688 1499 122 ) 200
( -641 1302 0 ) 133
( -1029 1479 0 ) 147
( -1361 1734 0 ) 144
( -1639 2064 0 ) 123
( -202 1215 0 ) 158
( -643 1295 0 ) 160
( -1030 1476 0 ) 149
( -201 1208 0 ) 148
( -1880 2462 0 ) 122
( -2091 2960 0 ) 117
( -2365 3378 0 ) 124
( -2684 3709 0 ) 137
( -3051 3944 0 ) 149
( -3478 4071 0 ) 171
( -4038 4053 0 ) 192
( -4648 3720 0 ) 212
( -5158 3596 0 ) 186
( -5157 3596 0 ) 183
( -2088 2963 0 ) 117
( -2362 3383 0 ) 124
( -2679 3708 0 ) 130
( -3050 3950 0 ) 149
( -3476 4074 0 ) 170
( -2681 3714 0 ) 141
( -4384 3891 0 ) 206
( -4899 3638 0 ) 203
( -4040 4062 0 ) 192
( -4897 3631 0 ) 190
( -4652 3730 0 ) 32
( -3653 4068 251 ) 170
( -3712 4083 0 ) 170
( -3713 4090 0 ) 180
( -3712 4094 0 ) 174
( -606 1146 0 ) 191
( -1018 1011 0 ) 193
( -1422 820 0 ) 198
( -1763 604 0 ) 209
( -2064 319 0 ) 221
( -2311 -47 0 ) 230
( -2529 -447 0 ) 235
( -2837 -782 0 ) 236
( -3243 -1056 0 ) 209
( -3670 -1248 0 ) 205
( -4145 -1367 0 ) 215
( -2306 -50 0 ) 217
( -2298 -53 0 ) 232
( -3967 3735 0 ) ( -3967 3735 0 ) ( 0 11 0 )
( 5148 5229 194 ) ( 0 -112 0 )
( -5940 -1624 2 ) ( 0 21 0 )
( 5453 -61 223 ) ( 0 28 0 )
( -4042 6697 320 ) ( 0 157 0 )
( 4972 2796 374 ) ( 0 -167 0 )
( -4383 1817 124 ) 109
( -4383 1775 125 ) 109
( 5532 2478 257 ) ( -7495 3799 0 ) ( -4486 -1784 0 ) ( -5311 3841 0 ) 89
( 4392 2693 311 ) 89
( -6547 3655 0 ) 182
( -6684 4023 0 ) 162
( 2440 -3872 274 ) 20
( 2480 -3872 264 ) 20
( 2505 -3872 257 ) 19
( 2442 -3872 268 ) 19
( 2438 -3872 251 ) 22
( 2468 -3872 230 ) 3
( 2415 -3852 244 ) 16
( 2448 -3872 244 ) 55
( 2432 -3872 250 ) 55
( -4907 1536 145 ) 253
( -4900 1536 144 ) 253
( -4908 1663 133 ) 117
( -4898 1663 133 ) 117
( -8143 3540 156 ) 191
( -8143 3621 139 ) 191
( -4458 7344 320 ) 345
( -4424 7338 320 ) 345
( -4496 7343 367 ) 154
( -4429 3638 1423 ) 299
( -4589 3909 1423 ) 299
( 6075 -3071 342 ) 355
( 7871 2216 378 ) 7
( 7871 2332 377 ) 7
( 4584 2164 1423 ) 7
( 4557 1988 1423 ) 7
( 7871 2273 408 ) 0
( 7871 2360 392 ) 0
( -10223 7803 -7899 ) 176
( -4540 7343 368 ) 153
( -4512 7343 373 ) 151
( -4504 7343 358 ) 151
( -4497 7343 935 ) 32
( -4570 7343 961 ) 32
( -6831 -3278 1169 ) 258
( -6580 -3141 1119 ) 258
( -6464 -2926 1092 ) 258
( -6893 -3297 1136 ) 258
( -7160 -3356 1157 ) 258
( -6679 -3227 1015 ) 258
( -7071 -3341 970 ) 258
( -7256 -3329 1002 ) 258
( -7502 -3310 991 ) 258
( -7611 -3263 1003 ) 258
( -7022 -3334 1031 ) 258
( -6981 -3325 1046 ) 258
( -7044 -3647 1080 ) 7
( -7238 -3647 1182 ) 7
( -7290 -3647 1187 ) 7
( -7315 -3647 1177 ) 7
( -7231 -3647 1179 ) 7
( 3057 -5550 -157 ) ( -1615 -2390 20 ) ( 4544 -629 261 ) ( 4497 -619 261 ) ( -704 1087 -23 ) ( -6079 4435 -23 ) ( 4674 4436 -23 ) ( -2853 -3999 483 ) ( 3009 6017 -63 ) ( -3380 5487 602 ) ( 3729 2887 -511 ) ( -2275 -693 -479 ) ( 386 6045 301 ) ( -1006 -636 -478 ) ( 380 -1299 347 ) ( 642 -6872 -484 ) ( -3461 4728 -25 ) ( 3458 -4520 -146 ) ( -4676 -6308 -61 ) ( -2741 3183 -106 ) ( -4486 4273 -74 ) ( 4311 1598 426 ) ( 2936 4121 558 ) ( -59 -4327 -144 ) ( 6503 1862 -428 ) ( 1855 539 -358 ) 338
( -3516 1284 -456 ) 221
( 1651 5647 414 ) 106
( -2982 6095 336 ) ( 3850 4842 158 ) ( 1834 3889 -250 ) ( 2762 -1256 -377 ) ( 1497 4612 -228 ) ( 1423 4563 -227 ) ( 1964 -1812 -302 ) ( 1917 -1821 -307 ) ( -501 -767 -479 ) 8
( -476 -726 -479 ) 59
( -758 -6736 -471 ) 10
( -714 -6735 -471 ) 10
( 947 -6712 -471 ) 7
( 936 -6729 -471 ) 7
( 927 -6738 -472 ) 7
( 927 -6735 -471 ) 7
( 894 -6557 -466 ) 7
( 941 -6444 -463 ) 7
( 965 -6367 -460 ) 7
( -982 -4479 -455 ) 178
( 953 -4267 -459 ) ( -490 538 339 ) ( -407 -2432 248 ) ( -2520 3301 249 ) ( -1025 -855 50 ) 248
( -967 -855 49 ) 268
( -2853 -1324 -403 ) ( 4645 -1255 -352 ) ( -2994 -1341 -322 ) 